01000001000000000000000000001010
01000011000000000000000000000000
01000001000100000000000000000000
01000011000100000000000000000000
10000001000000010000000000000000
01000001000000000000000000000111
01000011000000000000000000000000
01000001000100000000000000000001
01000011000100000000000000000000
10000001000000010000000000000000
01000001000000000000000000000101
01000011000000000000000000000000
01000001000100000000000000000010
01000011000100000000000000000000
10000001000000010000000000000000
01000001000000000000000000000010
01000011000000000000000000000000
01000001000100000000000000000011
01000011000100000000000000000000
10000001000000010000000000000000
01000001000000000000000000000001
01000011000000000000000000000000
01000001000100000000000000000100
01000011000100000000000000000000
10000001000000010000000000000000
01000001000000001111111111111111
01000011000000001111111111111111
01000001000100000000000000000101
01000011000100000000000000000000
10000001000000010000000000000000
01000001000000000000000000000000
01000011000000000000000000000000
01000001000100000000000000000110
01000011000100000000000000000000
10000001000000010000000000000000
01000001000000000000000000001000
01000011000000000000000000000000
01000001000100000000000000000111
01000011000100000000000000000000
10000001000000010000000000000000
01000001000000000000000000000100
01000011000000000000000000000000
01000001000100000000000000001000
01000011000100000000000000000000
10000001000000010000000000000000
01000001000000000000000000000011
01000011000000000000000000000000
01000001000100000000000000001001
01000011000100000000000000000000
10000001000000010000000000000000
01000001000000000000000000000110
01000011000000000000000000000000
01000001000100000000000000001010
01000011000100000000000000000000
10000001000000010000000000000000
01000001000000000000000000000000
01000011000000000000000000000000
10000000000100000000000000000000
00100011000000000000000000000000
00110101001000010000000000000000
01000010001100001111111111111111
00100110001000100000000000000000
10100010000000000010000001001110
00000000000000000000000000000000
00100011001100110000000000000000
00100101010000100011000000000000
10100010000000000101000000111100
00000000000000000000000000000000
00100000011000000011000000000000
10000000010001100000000000000000
00100011011001100000000000000000
10000000010101100000000000000000
00100101011001010100000000000000
10100100000000000001000000111111
00000000000000000000000000000000
00100000011000000011000000000000
10000001000001100101000000000000
00100011011001100000000000000000
10000001000001100100000000000000
10100000000000000000000001001110
