01000001000000000000000000000111
01000011000000000000000000000000
01000001000100000000000000000000
01000011000100000000000000000000
10000001000000010000000000000000
01000001000000000000000000001010
01000011000000000000000000000000
01000001000100000000000000000001
01000011000100000000000000000000
10000001000000010000000000000000
01000001000000000000000000000001
01000011000000000000000000000000
01000001000100000000000000000010
01000011000100000000000000000000
10000001000000010000000000000000
01000001000000000000000000000010
01000011000000000000000000000000
01000001000100000000000000000011
01000011000100000000000000000000
10000001000000010000000000000000
01000001000000000000000000000011
01000011000000000000000000000000
01000001000100000000000000000100
01000011000100000000000000000000
10000001000000010000000000000000
01000001000000000000000000000100
01000011000000000000000000000000
01000001000100000000000000000101
01000011000100000000000000000000
10000001000000010000000000000000
01000001000000000000000000000101
01000011000000000000000000000000
01000001000100000000000000000110
01000011000100000000000000000000
10000001000000010000000000000000
01000001000000000000000000000110
01000011000000000000000000000000
01000001000100000000000000000111
01000011000100000000000000000000
10000001000000010000000000000000
01000001000000000000000000000111
01000011000000000000000000000000
01000001000100000000000000001000
01000011000100000000000000000000
10000001000000010000000000000000
01000001000000000000000000001000
01000011000000000000000000000000
01000001000100000000000000001001
01000011000100000000000000000000
10000001000000010000000000000000
01000001000000000000000000001001
01000011000000000000000000000000
01000001000100000000000000001010
01000011000100000000000000000000
10000001000000010000000000000000
01000001000000000000000000001010
01000011000000000000000000000000
01000001000100000000000000001011
01000011000100000000000000000000
10000001000000010000000000000000
01000001000000000000000000000000
01000011000000000000000000000000
01000010000100000000000000000000
10000000001100000000000000000000
00100011000000000000000000000000
10000000001000000000000000000000
00100011000000000000000000000000
01000010010000000000000001100100
00100101010100100001000000000000
10100100000000000010000001001100
00000000000000000000000000000000
10000000010100000000000000000000
00100101010101010011000000000000
10100010000000000010000001011010
00000000000000000000000000000000
01000010011000001111111111111111
10100000000000000000000001011100
00101001010101010000000000000000
00100000011001010001000000000000
00100000000000000110000000000000
10000000010100000000000000000000
00100101010100110101000000000000
10100010000000000010000001011100
00000000000000000000000000000000
10100010000000000001000001010111
00000000000000000000000000000000
00100011000101100000000000000000
10100000000000000000000001000011
00100110001001100000000000000000
00100101000000000110000000000000
10100000000000000000000001000011
00110101010100010000000000000000
10100000000000000000000001011110
00110101010101100000000000000000
10100000000000000000000001011110
10000001000001000101000000000000
