0101000000000000000000001000001
0000000000000000000000001100001
0000000000000000000010001000001
0000000000000000000010001100001
0000000000000000100000001000000
0000000000000000000000001000001
0000000000000000000000001100001
0000000000000000000000000000000
0000000000000000000010000100001
1000000000000000000001000100001
0101000000000000000010100100001
0000000000001000010000100000010
0000000000000000010010001010110
0000000000000000001001001010110
0000000000000000000000000110010
1000100000000100000000000100010
0000000000000000000000000000000
0101000000000000000000000000010
0000000000000010101000001000000
