0101000000000000000000001000001
0000000000000000000000001100001
0000000000000000000010001000001
0000000000000000000010001100001
0000000000000000100000001000000
1111111111111111000000001000001
1111111111111111000000001100001
1000000000000000000010001000001
0000000000000000000010001100001
0000000000000000100000001000000
0110000000000000000000001000001
0000000000000000000000001100001
0100000000000000000010001000001
0000000000000000000010001100001
0000000000000000100000001000000
1100000000000000000000001000001
0000000000000000000000001100001
1100000000000000000010001000001
0000000000000000000010001100001
0000000000000000100000001000000
0111111111111111000000001000001
1111111111111111000000001100001
0010000000000000000010001000001
0000000000000000000010001100001
0000000000000000100000001000000
0010000000000000000000001000001
0000000000000000000000001100001
1010000000000000000010001000001
0000000000000000000010001100001
0000000000000000100000001000000
0000000000000000000000001000001
0000000000000000000000001100001
0110000000000000000010001000001
0000000000000000000010001100001
0000000000000000100000001000000
1011111111111111000000001000001
1111111111111111000000001100001
1110000000000000000010001000001
0000000000000000000010001100001
0000000000000000100000001000000
1010000000000000000000001000001
0000000000000000000000001100001
0001000000000000000010001000001
0000000000000000000010001100001
0000000000000000100000001000000
1000000000000000000000001000001
0000000000000000000000001100001
1001000000000000000010001000001
0000000000000000000010001100001
0000000000000000100000001000000
0100000000000000000000001000001
0000000000000000000000001100001
0101000000000000000010001000001
0000000000000000000010001100001
0000000000000000100000001000000
0000000000000000000000001000001
0000000000000000000000001100001
0000000000000000000000100000000
0000000000000010000000100000010
0000000000000000000000001100010
0000000000000000000010001010110
0000000000000000000001000000000
0000000000000000100010001100010
0000000000000000100011000000000
0000000000001100010001101010010
0111001000001010000000000100010
0000000000000000000000000000000
0000000000001000001001101010010
1011110000000100000000000010010
0000000000000000000000000000000
0000000000000000001001101010010
0000000000000000011001100110010
1010101000000100000000000100010
0000000000000000000000000000000
0000000000000000000000001100010
0000000000000000000001000000000
0000000000000000000010001010110
1011110000000000000000000000010
0000000000000000000000000000000
0000000000001100000000001000000
0000000000000100100000001000000
0000000000000000010010101010110
0000000000000000110001001010110
0000000000000000101011001010110
0100001000000000000000000000010
0000000000000000000000000000000
1010101000000000000000000000010
0000000000000000000000000000000
