01000001000000000000000000000000
01000011000000000000000000000000
01000001011000000000000000100110
01000011011000000000000000000000
01000010010100000000000000011110
01000010010000000000000000000010
01000010001000000000000000000010
00110101000101000000000000000000
11000000000000000110000000000000
00000000000000000000000000000000
00110001000100010001000000000000
10100010000000000010000000010011
00000000000000000000000000000000
00100011001000100000000000000000
00100101000101000010000000000000
10100100000000000010000000000111
00000000000000000000000000000000
10000001000000000100000000000000
00100011000000000000000000000000
00100011010001000000000000000000
00100101001101000101000000000000
10100100000000000010000000000110
00000000000000000000000000000000
00110101010100000000000000000000
01000001001100000000000000000000
01000011001100000000000000000000
10000000000100110000000000000000
00110011001000000001000000000000
11000000000000000110000000000000
00000000000000000000000000000000
10000001000000000001000000000000
00100011000000000000000000000000
00100011001100110000000000000000
00100101011100110101000000000000
10100100000000000010000000011010
00000000000000000000000000000000
10100000000000000000000000100100
00000000000000000000000000000000
00100101000100010010000000000000
10100010000000000001000000101101
00000000000000000000000000000000
10100010000000000010000000101110
00000000000000000000000000000000
10100000000000000000000000100110
00000000000000000000000000000000
00100000000100010010000000000000
11000001000000000111000000000000
00000000000000000000000000000000
