01000001000000000000000000000000
01000011000000000000000000000000
01000001000100000000000000000000
01000011000100000000000000000000
10000001000000010000000000000000
01000001000000000000000000000000
01000011000000000000000000000000
01000001000100000000000000000001
01000011000100000000000000000000
10000001000000010000000000000000
01000001000000000000000000000000
01000011000000000000000000000000
01000001000100000000000000000010
01000011000100000000000000000000
10000001000000010000000000000000
01000001000000000000000000000000
01000011000000000000000000000000
01000001000100000000000000000011
01000011000100000000000000000000
10000001000000010000000000000000
01000001000000000000000000000000
01000011000000000000000000000000
01000001000100000000000000000100
01000011000100000000000000000000
10000001000000010000000000000000
01000001000000000000000000000000
01000011000000000000000000000000
01000001000100000000000000000101
01000011000100000000000000000000
10000001000000010000000000000000
01000001000000000000000000000000
01000011000000000000000000000000
01000001000100000000000000000110
01000011000100000000000000000000
10000001000000010000000000000000
01000001000000000000000000000000
01000011000000000000000000000000
01000001000100000000000000000111
01000011000100000000000000000000
10000001000000010000000000000000
01000001000000000000000000000000
01000011000000000000000000000000
00110000000100000000000000000000
00100110001000010000000000000000
10000001000000000010000000000000
00100011000000000000000000000000
10000001000000000010000000000000
00100011000000000000000000000000
10000001000000000010000000000000
00100011000000000000000000000000
10000001000000000010000000000000
00100011000000000000000000000000
10000001000000000010000000000000
00100011000000000000000000000000
10000001000000000010000000000000
00100011000000000000000000000000
10000001000000000010000000000000
00100011000000000000000000000000
10000001000000000010000000000000
00100110000000000000000000000000
00100110000000000000000000000000
00100110000000000000000000000000
00100110000000000000000000000000
00100110000000000000000000000000
00100110000000000000000000000000
00100110000000000000000000000000
00110101001100010000000000000000
10100010000000000010000001000101
00000000000000000000000000000000
10000001000000000001000000000000
00100011000000000000000000000000
00110011001100000001000000000000
10100100000000000010000001001010
00000000000000000000000000000000
10000001000000000001000000000000
00100011000000000000000000000000
00110000001100000000000000000000
00100110001100110000000000000000
00100011001100110000000000000000
10100010000000000100000001010001
00000000000000000000000000000000
10000001000000000001000000000000
10100100000000000111000001010110
00000000000000000000000000000000
00100011000000000000000000000000
10000001000000000001000000000000
00100110000000000000000000000000
00100011000000000000000000000000
00100011000000000000000000000000
01000001001100000000000011111111
01000011001100000000000001111111
00100011001100110000000000000000
10100010000000000111000001011110
00000000000000000000000000000000
10000001000000000001000000000000
00100011000000000000000000000000
00101001001000100000000000000000
00100011001000100000000000000000
10100010000000000010000001100100
00000000000000000000000000000000
10000001000000000001000000000000
00100011000000000000000000000000
00100110001000100000000000000000
01000001001100000000000000000000
01000011001100000000000010000000
00100100001100110001000000000000
10100010000000000111000001101100
00000000000000000000000000000000
10000001000000000001000000000000
00100011000000000000000000000000
00111010001000100000000000000000
10100010000000000010000001110001
00000000000000000000000000000000
10000001000000000001000000000000
10100000000000000000000001110001
00000000000000000000000000000000
