01001101000000000000000000001010
01001110000000000000000000000000
01001101000100010000000000000000
01001110000100010000000000000000
10000001000000000001000000000000
01001101000000000000000000001001
01001110000000000000000000000000
01001101000100010000000000000001
01001110000100010000000000000000
10000001000000000001000000000000
01001101000000000000000000000001
01001110000000000000000000000000
01001101000100010000000000000010
01001110000100010000000000000000
10000001000000000001000000000000
01001101000000000000000000000010
01001110000000000000000000000000
01001101000100010000000000000011
01001110000100010000000000000000
10000001000000000001000000000000
01001101000000000000000000000011
01001110000000000000000000000000
01001101000100010000000000000100
01001110000100010000000000000000
10000001000000000001000000000000
01001101000000000000000000000100
01001110000000000000000000000000
01001101000100010000000000000101
01001110000100010000000000000000
10000001000000000001000000000000
01001101000000000000000000000101
01001110000000000000000000000000
01001101000100010000000000000110
01001110000100010000000000000000
10000001000000000001000000000000
01001101000000000000000000000110
01001110000000000000000000000000
01001101000100010000000000000111
01001110000100010000000000000000
10000001000000000001000000000000
01001101000000000000000000000111
01001110000000000000000000000000
01001101000100010000000000001000
01001110000100010000000000000000
10000001000000000001000000000000
01001101000000000000000000001000
01001110000000000000000000000000
01001101000100010000000000001001
01001110000100010000000000000000
10000001000000000001000000000000
01001101000000000000000000001001
01001110000000000000000000000000
01001101000100010000000000001010
01001110000100010000000000000000
10000001000000000001000000000000
01001101000000000000000000001010
01001110000000000000000000000000
01001101000100010000000000001011
01001110000100010000000000000000
10000001000000000001000000000000
01001100101000000000000000001111
01001101000000000000000000000010
01001110000000000000000000000000
01001101000100010000000000000001
01001110000100010000000000000000
10000000000100000001000000000000
00110000001000000000000000000000
01001101001100110000000000000000
01001110001100110000000000000000
10000000001100000011000000000000
00100110001100110000000000000000
00100101010100110010000000000000
00000001000000000001000001011000
00100000010000100011000000000000
00101001010001000000000000000000
00110101010100000000000000000000
00100000010101010100000000000000
10000000010100000101000000000000
00100101011000010101000000000000
00000001000000000010000001011010
00000000000000000000000000000000
00100101011001010001000000000000
00000001000000000001000001010110
00000000000000000000000000000000
00100110001101000000000000000000
00000010000000000000000001000111
00100011001001000000000000000000
00000010000000000000000001000111
01001100010000001111111111111111
00000010000000000000000001011010
10000001000001001010000000000000
00000010000000000000000001011011
