00000001000000000000000000000010
00000010000000000000000000010111
01001100000000000000000000000101
01001100000100000000000000001010
01001100001000000000000000001111
00000000000000000000000000010111
00000010000000000000000000001010
00100101000100010001000000000000
00000001000000000010000000001101
00000010000000000000000000010111
00100101001100100001000000000000
00000000000000000010000000000111
00000010000000000000000000010111
00100101001100000010000000000000
00000001000000000001000000010100
00000010000000000000000000010111
00110000000000000000000000000000
00100101001000100010000000000000
00000001000000000101000000011000
00000010000000000000000000010111
00100101000000000010000000000000
00000000000000000001000000010111
00000010000000000000000000010000
00000010000000000000000000010111
00000010000000000000000000011000
