01001100000000000000000000000001
01001100000100000000000000000011
01001100001000000000000000000010
01001100001100000000000000000100
01001100010000000000000000000101
01001100010100000000000000001000
01001100011000001111111111111101
01001100011100000000000000000011
01001100100000000000000000001101
00100000100100000001000000000000
00100101100110010011000000000000
00000000000000000010000000101010
00100001100101000010000000000000
00110101101001010000000000000000
00100101101010011010000000000000
00000000000000000010000000101010
00100011101010100000000000000000
00100110101010100000000000000000
00000000000000000010000000101010
00110011101000001000000000000000
00110000101000000000000000000000
00000000000000000010000000101010
00110011100100000011000000000000
00100100100100110001000000000000
00000000000000000010000000101010
00101000000000000000000000000000
00101001000000000000000000000000
00110001000000010010000000000000
00110010000000010010000000000000
00110011000000000000000000000000
00110100000000010010000000000000
00110110000000010010000000000000
00110111000000010010000000000000
00111000000000010010000000000000
00111001000000010010000000000000
00111010000000010000000000000000
00111011000000010010000000000000
00111100000000000001000000000000
00111101000000010010000000000000
00111110000000010010000000000000
00111111000000000000000000000000
00000010000000000000000000101011
00000010000000000000000000101010
00000010000000000000000000101011
