01001100000000000000000000000000
01001100000100000000000000000101
01001100001000000000000000001010
01001100001100000000000000001011
01001100010000000000000000000010
01001100010100000000000000000111
10000001000000110000000000000000
10000001000001000001000000000000
10000001000001010010000000000000
10000000011000000000000000000000
10000000011100000001000000000000
10000000100000000010000000000000
00100101001100110110000000000000
00000000000000000010000000010011
00100101010001000111000000000000
00000000000000000010000000010011
00100101010101011000000000000000
00000000000000000010000000010011
00000010000000000000000000010100
00000010000000000000000000010011
00000010000000000000000000010100
