01001101000000000000000000000000
01001110000000000000000000000000
01001101011001100000000000100110
01001110011001100000000000000000
01001100010100000000000000011110
01001100010000000000000000000010
01001100001000000000000000000010
00110101000101000000000000000000
11000011111100000110000000000000
00000000000000000000000000000000
00110001000100010001000000000000
00000001000000000010000000010011
00000000000000000000000000000000
00100011001000100000000000000000
00100101000101000010000000000000
00000000000000000010000000000111
00000000000000000000000000000000
10000001000001000000000000000000
00100011000000000000000000000000
00100011010001000000000000000000
00100101001101000101000000000000
00000000000000000010000000000110
00000000000000000000000000000000
00110101010100000000000000000000
01001101001100110000000000000000
01001110001100110000000000000000
10000000000100000011000000000000
00110011001000000001000000000000
11000011111100000110000000000000
00000000000000000000000000000000
10000001000000010000000000000000
00100011000000000000000000000000
00100011001100110000000000000000
00100101011100110101000000000000
00000000000000000010000000011010
00000000000000000000000000000000
00000010000000000000000000100100
00000000000000000000000000000000
00100101000100010010000000000000
00000001000000000001000000101101
00000000000000000000000000000000
00000001000000000010000000101110
00000000000000000000000000000000
00000010000000000000000000100110
00000000000000000000000000000000
00100000000100010010000000000000
11000100000000000111000000000000
00000000000000000000000000000000
