01001101000000000000000000000111
01001110000000000000000000000000
01001101000100010000000000000000
01001110000100010000000000000000
10000001000000000001000000000000
01001101000000000000000000001010
01001110000000000000000000000000
01001101000100010000000000000001
01001110000100010000000000000000
10000001000000000001000000000000
01001101000000000000000000000001
01001110000000000000000000000000
01001101000100010000000000000010
01001110000100010000000000000000
10000001000000000001000000000000
01001101000000000000000000000010
01001110000000000000000000000000
01001101000100010000000000000011
01001110000100010000000000000000
10000001000000000001000000000000
01001101000000000000000000000011
01001110000000000000000000000000
01001101000100010000000000000100
01001110000100010000000000000000
10000001000000000001000000000000
01001101000000000000000000000100
01001110000000000000000000000000
01001101000100010000000000000101
01001110000100010000000000000000
10000001000000000001000000000000
01001101000000000000000000000101
01001110000000000000000000000000
01001101000100010000000000000110
01001110000100010000000000000000
10000001000000000001000000000000
01001101000000000000000000000110
01001110000000000000000000000000
01001101000100010000000000000111
01001110000100010000000000000000
10000001000000000001000000000000
01001101000000000000000000000111
01001110000000000000000000000000
01001101000100010000000000001000
01001110000100010000000000000000
10000001000000000001000000000000
01001101000000000000000000001000
01001110000000000000000000000000
01001101000100010000000000001001
01001110000100010000000000000000
10000001000000000001000000000000
01001101000000000000000000001001
01001110000000000000000000000000
01001101000100010000000000001010
01001110000100010000000000000000
10000001000000000001000000000000
01001101000000000000000000001010
01001110000000000000000000000000
01001101000100010000000000001011
01001110000100010000000000000000
10000001000000000001000000000000
01001101000000000000000000000000
01001110000000000000000000000000
01001100000100000000000000000000
10000000001100000000000000000000
00100011000000000000000000000000
10000000001000000000000000000000
00100011000000000000000000000000
01001100010000000000000001100100
00100101010100100001000000000000
00000000000000000010000001001101
00000000000000000000000000000000
10000000010100000000000000000000
00100101010101010011000000000000
00000001000000000010000001011011
00000000000000000000000000000000
01001100011000001111111111111111
00000010000000000000000001011101
00101001010101010000000000000000
00100000011001010001000000000000
00100000000000000110000000000000
10000000010100000000000000000000
00100101010100110101000000000000
00000001000000000010000001011101
00000000000000000000000000000000
00000001000000000001000001011000
00000000000000000000000000000000
00100011000101100000000000000000
00000010000000000000000001000100
00100110001001100000000000000000
00100101000000000110000000000000
00000010000000000000000001000100
00110101010100010000000000000000
00000010000000000000000001011111
00110101010101100000000000000000
00000010000000000000000001011111
10000001000001010100000000000000
