01001101000000000000000000001010
01001110000000000000000000000000
01001101000100010000000000000000
01001110000100010000000000000000
10000001000000000001000000000000
01001101000000000000000000000111
01001110000000000000000000000000
01001101000100010000000000000001
01001110000100010000000000000000
10000001000000000001000000000000
01001101000000000000000000000101
01001110000000000000000000000000
01001101000100010000000000000010
01001110000100010000000000000000
10000001000000000001000000000000
01001101000000000000000000000010
01001110000000000000000000000000
01001101000100010000000000000011
01001110000100010000000000000000
10000001000000000001000000000000
01001101000000000000000000000001
01001110000000000000000000000000
01001101000100010000000000000100
01001110000100010000000000000000
10000001000000000001000000000000
01001101000000001111111111111111
01001110000000001111111111111111
01001101000100010000000000000101
01001110000100010000000000000000
10000001000000000001000000000000
01001101000000000000000000000000
01001110000000000000000000000000
01001101000100010000000000000110
01001110000100010000000000000000
10000001000000000001000000000000
01001101000000000000000000001000
01001110000000000000000000000000
01001101000100010000000000000111
01001110000100010000000000000000
10000001000000000001000000000000
01001101000000000000000000000100
01001110000000000000000000000000
01001101000100010000000000001000
01001110000100010000000000000000
10000001000000000001000000000000
01001101000000000000000000000011
01001110000000000000000000000000
01001101000100010000000000001001
01001110000100010000000000000000
10000001000000000001000000000000
01001101000000000000000000000110
01001110000000000000000000000000
01001101000100010000000000001010
01001110000100010000000000000000
10000001000000000001000000000000
01001101000000000000000000000000
01001110000000000000000000000000
10000000000100000000000000000000
00100011000000000000000000000000
00110101001000010000000000000000
00110000100000000000000000000000
00100101010010000010000000000000
00000000000000000001000001010010
00110000001100000000000000000000
00100101010000110010000000000000
00000000000000000001000001010000
00110101010000000000000000000000
00100000010001000011000000000000
10000000010100000100000000000000
00100011010001000000000000000000
10000000011000000100000000000000
00100101011101100101000000000000
00000001000000000001000001001100
00000000000000000000000000000000
00100011001100110000000000000000
00000010000000000000000001000000
10000001000001010100000000000000
00100110010001000000000000000000
10000001000001100100000000000000
00000010000000000000000001001010
00100110001000100000000000000000
00000010000000000000000000111101
00000010000000000000000001010010
