01001101000000000000000000001010
01001110000000000000000000000000
01001101000100010000000000000000
01001110000100010000000000000000
10000001000000000001000000000000
01001101000000000000000000000000
01001110000000000000000000000000
10000000000000000000000000000000
01001100000100000000000000000000
01001100001000000000000000000001
01001100010100000000000000001010
00100000010000100001000000000000
00110101000100100000000000000000
00110101001001000000000000000000
00100110000000000000000000000000
00000001000000000010000000010010
00000000000000000000000000000000
00000010000000000000000000001011
10000001000001000101000000000000
00000010000000000000000000010011
