01001101000000000000000000001010
01001110000000000000000000000000
01001101000100010000000000000000
01001110000100010000000000000000
10000001000000000001000000000000
01001101000000000000000000001111
01001110000000000000000000000000
01001101000100010000000000000001
01001110000100010000000000000000
10000001000000000001000000000000
01001101000000000000000000001110
01001110000000000000000000000000
01001101000100010000000000000010
01001110000100010000000000000000
10000001000000000001000000000000
01001101000000000000000000010010
01001110000000000000000000000000
01001101000100010000000000000011
01001110000100010000000000000000
10000001000000000001000000000000
01001101000000000000000010011010
01001110000000000000000000000000
01001101000100010000000000000100
01001110000100010000000000000000
10000001000000000001000000000000
01001101000000000000000000101100
01001110000000000000000000000000
01001101000100010000000000000101
01001110000100010000000000000000
10000001000000000001000000000000
01001101000000000000000000100101
01001110000000000000000000000000
01001101000100010000000000000110
01001110000100010000000000000000
10000001000000000001000000000000
01001101000000000000000001111011
01001110000000000000000000000000
01001101000100010000000000000111
01001110000100010000000000000000
10000001000000000001000000000000
01001101000000000000000000001110
01001110000000000000000000000000
01001101000100010000000000001000
01001110000100010000000000000000
10000001000000000001000000000000
01001101000000000000000000010000
01001110000000000000000000000000
01001101000100010000000000001001
01001110000100010000000000000000
10000001000000000001000000000000
01001101000000000000000000010001
01001110000000000000000000000000
01001101000100010000000000001010
01001110000100010000000000000000
10000001000000000001000000000000
00000010000000000000000000110111
