01001101000000000000000000001010
01001110000000000000000000000000
01001101000100010000000000000000
01001110000100010000000000000000
10000001000000000001000000000000
01001101000000001111111111111111
01001110000000001111111111111111
01001101000100010000000000000001
01001110000100010000000000000000
10000001000000000001000000000000
01001101000000000000000000000110
01001110000000000000000000000000
01001101000100010000000000000010
01001110000100010000000000000000
10000001000000000001000000000000
01001101000000000000000000000011
01001110000000000000000000000000
01001101000100010000000000000011
01001110000100010000000000000000
10000001000000000001000000000000
01001101000000001111111111111110
01001110000000001111111111111111
01001101000100010000000000000100
01001110000100010000000000000000
10000001000000000001000000000000
01001101000000000000000000000100
01001110000000000000000000000000
01001101000100010000000000000101
01001110000100010000000000000000
10000001000000000001000000000000
01001101000000000000000000000000
01001110000000000000000000000000
01001101000100010000000000000110
01001110000100010000000000000000
10000001000000000001000000000000
01001101000000001111111111111101
01001110000000001111111111111111
01001101000100010000000000000111
01001110000100010000000000000000
10000001000000000001000000000000
01001101000000000000000000000101
01001110000000000000000000000000
01001101000100010000000000001000
01001110000100010000000000000000
10000001000000000001000000000000
01001101000000000000000000000001
01001110000000000000000000000000
01001101000100010000000000001001
01001110000100010000000000000000
10000001000000000001000000000000
01001101000000000000000000000010
01001110000000000000000000000000
01001101000100010000000000001010
01001110000100010000000000000000
10000001000000000001000000000000
01001101000000000000000000000000
01001110000000000000000000000000
10000000010000000000000000000000
00100000010000000100000000000000
00100011000000000000000000000000
00110101000100000000000000000000
10000000001000000000000000000000
00100011000100010000000000000000
10000000001100000001000000000000
00100101011000100011000000000000
00000001000000000101000001001111
00000000000000000000000000000000
00100101011001000001000000000000
00000000000000000010000000111110
00000000000000000000000000000000
00100101011001000000000000000000
00100110011001100000000000000000
00000001000000000010000001010110
00000000000000000000000000000000
00100011000000000000000000000000
10000000001000000000000000000000
00110101000100000000000000000000
00000010000000000000000000111110
00000000000000000000000000000000
10000001000000110000000000000000
10000001000000100001000000000000
00110101010100100000000000000000
00110101001000110000000000000000
00110101001101010000000000000000
00000010000000000000000001000011
00000000000000000000000000000000
00000010000000000000000001010110
00000000000000000000000000000000
